-0.5 0 0
-0.49148154536246605 0 0.09227386820457013
-0.46193976625564337 0 0.1913417161825449
-0.4157348061512726 0 0.2777851165098011
-0.3535533905932738 0 0.35355339059327373
-0.2777851165098011 0 0.4157348061512726
-0.19134171618254492 0 0.46193976625564337
-0.09227386820457021 0 0.49148154536246605
0 0 0.5
0.09227386820457013 0 0.49148154536246605
0.1913417161825449 0 0.46193976625564337
0.2777851165098011 0 0.4157348061512726
0.35355339059327373 0 0.3535533905932738
0.4157348061512726 0 0.2777851165098011
0.46193976625564337 0 0.19134171618254492
0.49148154536246605 0 0.09227386820457021
0.5 0 0.00000000000000006123233995736766
0.49148154536246605 0 -0.09227386820457013
0.46193976625564337 0 -0.1913417161825449
0.4157348061512726 0 -0.2777851165098011
0.3535533905932738 0 -0.35355339059327373
0.2777851165098011 0 -0.4157348061512726
0.19134171618254492 0 -0.46193976625564337
0.09227386820457021 0 -0.49148154536246605
0 0 -0.5
-0.09227386820457013 0 -0.49148154536246605
-0.1913417161825449 0 -0.46193976625564337
-0.2777851165098011 0 -0.4157348061512726
-0.35355339059327373 0 -0.3535533905932738
-0.4157348061512726 0 -0.2777851165098011
-0.46193976625564337 0 -0.19134171618254492
-0.49148154536246605 0 -0.09227386820457021
-0.5 0 -0.00000000000000006123233995736766
-0.5 0 0
